0.985645773048
0.976232822718
0.952219585592
0.943904474844
0.914809895012
0.912952973348
0.90486544652
0.889729972192
0.883876099655
0.880284562047
0.869826753268
0.868998418051
0.868533748517
0.867628288884
0.864852546988
0.863507243913
0.8633246625
0.859987997895
0.857835532418
0.85716489164
0.850681717862
0.849675068484
0.847514884154
0.846225502206
0.845342553398
0.843874660985
0.843785088809
0.842076818192
0.832848102356
0.831052000986
0.825634891193
0.823645484131
0.818328072557
0.817396611517
0.815313847869
0.815151861524
0.809949271872
0.808307004909
0.808264354187
0.80703693852
0.806001189139
0.804001059113
0.803149904769
0.799023815851
0.79696804413
0.796079014974
0.794829230229
0.794774932662
0.792444341653
0.790729186554
0.788750498116
0.788667140531
0.777491592001
0.775821633775
0.772965891063
0.772140265707
0.771826348284
0.770038841954
0.76297520444
0.761914158904
0.761080485714
0.760319136952
0.760130598052
0.756067594611
0.755742075702
0.749745200645
0.749619420148
0.746260311178
0.745731726394
0.745649021649
0.745137510124
0.74511197138
0.743517334524
0.73374797225
0.733574071555
0.73203822138
0.730100865122
0.730094431171
0.730021185425
0.730011792596
0.728569124279
0.724652822387
0.723312964256
0.722508548434
0.721001714924
0.720232005619
0.71911965703
0.718423351248
0.717721718056
0.716088668869
0.715107058357
0.715100207476
0.714583049153
0.71315121309
0.710216178011
0.709392684629
0.708621323243
0.707684902487
0.70467466901
0.70454204657
0.703986004053
0.703807286171
0.703252258909
0.702943965264
0.701627249853
0.701020680625
0.697557670451
0.69709013251
0.695719012552
0.694402057665
0.691304893617
0.690972867917
0.690801405202
0.690198307043
0.68659040521
0.685693290741
0.684348420309
0.684216283653
0.684045964024
0.683727638997
0.68309916689
0.683093841506
0.682235343934
0.682056386435
0.680780150702
0.680028805799
0.678276624031
0.674186879917
0.672755431496
0.672612762629
0.672322241292
0.672118535035
0.671046397734
0.670071231156
0.669893605191
0.667387520624
0.666145224009
0.664267450192
0.660796400383
0.660205846181
0.659132468619
0.659032721576
0.654942977976
0.654408282324
0.646788804726
0.643963191777
0.643775184869
0.641805272888
0.637054700687
0.635549592133
0.634578054707
0.633267610333
0.631912115704
0.630544391118
0.630045523633
0.628162663424
0.627958917365
0.627792688429
0.627436482666
0.626637025842
0.62289563342
0.621991120148
0.620163935051
0.619952076378
0.61799333052
0.617049970042
0.616004160187
0.61556834712
0.615543552998
0.615184480581
0.615013077174
0.614411197476
0.613790961376
0.613666159354
0.613018510401
0.612237264389
0.61206413603
0.611613492622
0.610981821856
0.609529475421
0.608839537997
0.608727721629
0.60846720639
0.607765776883
0.607460040557
0.607183525282
0.606579202638
0.606547375518
0.605223843756
0.604414985515
0.60330369795
0.602512569658
0.601722299621
0.600844048355
0.600043177473
0.598820440098
0.59852501573
0.59761479801
0.597417830927
0.596295153307
0.595664199694
0.592996251791
0.592123273901
0.591429833764
0.590813806095
0.589634604643
0.589388168118
0.589028397676
0.58782882912
0.587072902046
0.586002343543
0.583941755342
0.58362005532
0.583177592961
0.58209434891
0.580761437292
0.579370392323
0.57921656469
0.577642165049
0.577315674105
0.5768642753
0.576483177089
0.574578294418
0.573156268438
0.572626839004
0.571956455497
0.571160810967
0.57099021146
0.56965561302
0.568476031962
0.567667052504
0.567540311697
0.567245365224
0.566489458332
0.566223212334
0.566154311057
0.56428870148
0.562970704581
0.561934739825
0.561672148406
0.561330080032
0.560410429477
0.560326842649
0.559467427745
0.559392631366
0.557804949064
0.556322247053
0.556214823116
0.55492429413
0.554798108099
0.554136027183
0.551846504338
0.549660048612
0.549194158957
0.549134464055
0.54902751664
0.548652276225
0.547590342548
0.545687960438
0.545568981474
0.545448952438
0.545207487534
0.545014288283
0.544471597071
0.544366950124
0.544192469461
0.544184523504
0.543033085107
0.542135039023
0.541927853875
0.540850810726
0.540755985413
0.537229125704
0.536737823211
0.535917401156
0.535801647617
0.535524059971
0.534437208613
0.534363346093
0.534190203445
0.533669703464
0.533665695024
0.533312386833
0.533295490702
0.533062964381
0.532938038517
0.532793028373
0.532691208601
0.53210866591
0.53161376539
0.531359426911
0.529899768347
0.529675040926
0.529568139257
0.528285999154
0.527574809939
0.526186069125
0.525860574988
0.524891402431
0.524598772852
0.524547604962
0.524165408498
0.523701937286
0.523499474601
0.523471621575
0.523381251242
0.522800844455
0.521896220646
0.519912924083
0.51986855681
0.519822317085
0.519780890856
0.519229782332
0.519139516213
0.518549453053
0.518222815773
0.517706244885
0.517524988229
0.517333290351
0.517149533605
0.516925456542
0.515137368994
0.514307212341
0.514217508265
0.513475748011
0.512810377707
0.512712020829
0.511835216552
0.511758946625
0.511450260718
0.509886413662
0.509667411977
0.509224024146
0.508925299524
0.50864923043
0.508599819645
0.508052430431
0.507625027015
0.506071314502
0.505621146309
0.503968494322
0.503701189181
0.502930204311
0.502171972865
0.50149778034
0.501198515238
0.500153074847
0.500141068278
0.500063492414
0.499492033687
0.498862853561
0.498801039407
0.498798870169
0.498064949749
0.498047822695
0.498011088863
0.497404922067
0.497395900861
0.49685983044
0.496343275538
0.496324825195
0.49612240738
0.496116673274
0.495741104514
0.495430424979
0.495384157345
0.494893616126
0.493833032262
0.49377234305
0.493328829904
0.493185096426
0.492555397409
0.492360184766
0.492252420107
0.491855061226
0.491431367426
0.491077702718
0.490485210121
0.490014286603
0.489880252629
0.489171055525
0.488718050847
0.487587514148
0.486919011239
0.485789697943
0.485144035409
0.484113926668
0.484066544591
0.483758714956
0.483251929163
0.482815704993
0.482604153326
0.482233391741
0.481585833312
0.481132096193
0.480082169804
0.479538616876
0.479349827112
0.479272222224
0.477606196053
0.477262801781
0.476510223711
0.476238178123
0.475863411966
0.475688292292
0.475668238938
0.475646658696
0.474885460228
0.474647989239
0.474569693871
0.474462688055
0.473690061898
0.473123487969
0.472700167615
0.472184652614
0.472181973151
0.472163188464
0.471940703148
0.471522028008
0.470720232002
0.470036398262
0.469458384124
0.46913201576
0.468985213663
0.468923384287
0.468630403228
0.467992189633
0.467189699021
0.466552340956
0.466509483541
0.466480302773
0.466377231669
0.466205855513
0.464928464597
0.464134275097
0.463805166757
0.463570638064
0.46343936673
0.463182973631
0.462991414481
0.462531219609
0.462112830751
0.46207191787
0.46207128024
0.461771961799
0.460863992855
0.46060634379
0.460276214083
0.46026448912
0.459651100265
0.459480207412
0.459331310351
0.459277520081
0.458715757133
0.45739998744
0.45720114183
0.457065062994
0.456382022288
0.456103695136
0.45601313298
0.455964519277
0.455874114473
0.455785155271
0.455049372099
0.454885722238
0.453970415088
0.453943523118
0.453749277036
0.452997800116
0.452396956382
0.451392607923
0.451021298141
0.450305337338
0.449651261558
0.448555976979
0.447847800397
0.447728434167
0.447618993839
0.447322923506
0.44730114914
0.447199607002
0.447007284841
0.446878583416
0.446836224889
0.446833800283
0.446812648404
0.446650031968
0.446446405823
0.446280423765
0.446033552043
0.445651483055
0.444666837418
0.44449597175
0.444386034122
0.444163335434
0.444065406482
0.443293999827
0.443104884511
0.44263112942
0.441838342219
0.441826897328
0.44177377194
0.441541194663
0.441331926316
0.441107941479
0.440974119223
0.440912742433
0.440340337222
0.440334368534
0.439559896662
0.439340280139
0.43888263267
0.438342966559
0.438302980743
0.438091327612
0.437920961096
0.437779028597
0.437470568624
0.437426771251
0.437211124207
0.437137485591
0.436812603868
0.436420422849
0.436393358768
0.43613857657
0.435484482585
0.434718689201
0.434501018567
0.43444965039
0.43357177616
0.433363313279
0.433096488181
0.433024577813
0.43286564877
0.432828726083
0.4326886312
0.432396597418
0.432245898279
0.43095126214
0.430861386101
0.430336927176
0.429937673825
0.429609991153
0.429384617239
0.428762524619
0.428664175988
0.428015873672
0.427663428873
0.427409600054
0.427066671458
0.426808710008
0.426631939816
0.426542933218
0.426351175403
0.426134026948
0.425927481292
0.425813753373
0.425662530223
0.425258327583
0.425066252717
0.424359286946
0.423909739577
0.423654931292
0.423415481384
0.423390528856
0.422868740688
0.422821101711
0.422694199984
0.421868284064
0.421520894958
0.421449105778
0.420745461278
0.420629550337
0.420555153565
0.420520647208
0.420414810672
0.41921361761
0.419104023317
0.419031082436
0.418457692111
0.417520652541
0.417271412978
0.417247484433
0.416800944728
0.41668697692
0.416651462333
0.416327544909
0.415883909497
0.415848481982
0.415480533234
0.415354411355
0.415231466273
0.414745148591
0.414422891168
0.414262829746
0.414188329361
0.413748154897
0.413264589372
0.412961830115
0.412588902319
0.412582983276
0.412411592319
0.412310398483
0.412141861169
0.412086524412
0.411974789014
0.411685174964
0.411429701782
0.410968043532
0.410878143677
0.410517709099
0.410133131839
0.410113273531
0.410020816804
0.409876257265
0.409497530282
0.408956911867
0.408956205759
0.408846201705
0.407935065808
0.407098896842
0.407011893681
0.406272559073
0.406252890867
0.406156957968
0.406127333611
0.406085063898
0.405808614124
0.405224558173
0.405022440685
0.404685523995
0.404680334421
0.404484435046
0.404416763522
0.404380605585
0.404092684289
0.404041390929
0.403964360265
0.403688738534
0.403688454672
0.403545432298
0.403502461097
0.403455508064
0.40343257089
0.403369013823
0.403327588161
0.403187306457
0.40288999391
0.40275058284
0.402681145615
0.402648397007
0.40263080131
0.402529859095
0.401856084267
0.401847154279
0.401752055348
0.40154671972
0.401256628927
0.401157488298
0.400342792139
0.400327559402
0.400295388157
0.3999767136
0.399674459341
0.399654899685
0.399636182954
0.399606971025
0.399233147288
0.398722037504
0.398441865174
0.398297139468
0.398158618917
0.397686408044
0.397522733345
0.397280361378
0.397000620016
0.396779390693
0.396525317064
0.396449564752
0.395953517558
0.395927373137
0.395831889887
0.395613595697
0.395371098908
0.395295686736
0.395133852006
0.395107838063
0.394456600031
0.39426730747
0.394188568753
0.394061844738
0.393957131047
0.393770943712
0.39374205718
0.393700078043
0.393376965073
0.393294906752
0.393171200438
0.393152390055
0.393003119637
0.392976684627
0.392753207936
0.392437097591
0.392433940494
0.392243813405
0.391690224502
0.391461808508
0.391386580272
0.391310242144
0.391285675851
0.390859317063
0.390831131265
0.390493665438
0.390400412688
0.390216882706
0.390161098817
0.39011802597
0.390047157778
0.389995084364
0.389984589697
0.388633737703
0.388092077659
0.387896118331
0.387702994243
0.386922811214
0.386814494989
0.386737972407
0.386621936525
0.386608100779
0.386488243604
0.38637452125
0.386299984766
0.386094874595
0.385412838792
0.385349249707
0.385269024198
0.384316032205
0.384262169663
0.383991709055
0.383162929672
0.383157164686
0.383108100797
0.38300052262
0.382937573526
0.382454069147
0.38241408006
0.382183697841
0.382139846547
0.38166621364
0.381218371225
0.3810641024
0.38050803387
0.38026413572
0.380121884368
0.38006214214
0.379708854856
0.379519532239
0.379462232032
0.378783861612
0.378728278543
0.37813308429
0.378081402823
0.377979006258
0.376876010333
0.376859081341
0.376351334798
0.376252509606
0.375667843172
0.375562044954
0.375453087645
0.375348313507
0.375256332914
0.374959284724
0.374904226892
0.374890489927
0.374362425639
0.374204807259
0.373902192899
0.373406376472
0.373312419755
0.37320493362
0.37303195042
0.372649751304
0.372466447675
0.372455154222
0.372216818637
0.371974075385
0.371954372229
0.371170799505
0.371032716417
0.370771940277
0.370687192538
0.370290627654
0.370230299265
0.369536611495
0.368485429316
0.368335640193
0.36832821508
0.367893734719
0.367531209505
0.367455696436
0.367406188694
0.367324440381
0.367302137991
0.366882717159
0.366801685929
0.366648916359
0.366540465932
0.366459143835
0.366247879114
0.365964213458
0.365882271241
0.365641926265
0.36538388133
0.36525510892
0.365250581797
0.364255458662
0.364128370093
0.364121818711
0.364067064453
0.363864787649
0.363663600189
0.363552224646
0.363164271385
0.363126890484
0.363069853799
0.362153920275
0.362130764606
0.361813728962
0.361705915061
0.361337608919
0.361160366891
0.360624858354
0.360499833252
0.360446574599
0.360263699689
0.360150650431
0.360094453368
0.360083588417
0.359581965373
0.359422094774
0.358877134743
0.35887563326
0.358808243589
0.35878427363
0.358212125081
0.357972520827
0.357781552442
0.357781463495
0.35749717085
0.357450836427
0.357417079752
0.357335341288
0.357037432097
0.356892761061
0.356828430329
0.356779189099
0.355686899506
0.355525187297
0.355297532866
0.354773290873
0.354697163226
0.354682597224
0.354477626809
0.354376001464
0.354110445836
0.353370621831
0.35200865006
0.351818158775
0.351606644407
0.351471613613
0.351467027207
0.351429893685
0.351374037384
0.351167902028
0.35111052679
0.351075582924
0.350809243618
0.350787386478
0.350528525285
0.34974510586
0.349649078725
0.349587901618
0.349430932973
0.349349338788
0.349252150065
0.349247833459
0.349227324375
0.349211765464
0.34914525407
0.349015821489
0.348613126262
0.348501559481
0.348461964849
0.348425445947
0.348416081855
0.348197091418
0.348133888465
0.348104053919
0.348086155697
0.348008898345
0.347570039769
0.347514329068
0.347362646299
0.347157491004
0.347056864196
0.346720232229
0.3466657439
0.346591385873
0.346309283645
0.346206317349
0.34618874004
0.346098796821
0.346085803013
0.346077920303
0.345720315114
0.345654187877
0.345322365891
0.345106297597
0.344884131952
0.344864757556
0.344851767474
0.344513824483
0.34413617684
0.34368096129
0.343465905312
0.342835594209
0.342564721635
0.342191377521
0.342065415587
0.341950807582
0.341756875102
0.34161484205
0.341472275652
0.341339323864
0.341194845513
0.340776042858
0.34072063439
0.340545502699
0.340206153686
0.340083692204
0.339226260459
0.338856339644
0.338361289863
0.338021138315
0.337819635449
0.337673896219
0.337613928234
0.337344999145
0.337294572147
0.337086148135
0.337043419835
0.336851527032
0.336693765553
0.33646207843
0.336281402911
0.335625328791
0.335435309821
0.335122315257
0.335083284681
0.334667722111
0.334558665558
0.334479274074
0.33420643103
0.333885098684
0.333708853497
0.333377842221
0.332932973632
0.332871749671
0.332856437708
0.33236856438
0.332202350238
0.332120852077
0.331984587735
0.331762718851
0.331702650101
0.3313161359
0.330872716242
0.330604510876
0.330478721008
0.330449751949
0.330295567263
0.329895708186
0.329750978908
0.329688716006
0.329630125664
0.329022299696
0.328848175273
0.328746661154
0.328693068197
0.32846178056
0.328317582409
0.32811511567
0.327856751038
0.327752558064
0.327667028623
0.327306437684
0.327209185764
0.326554536978
0.326128356482
0.32610517985
0.326072042203
0.326053048889
0.325553009325
0.325458190893
0.325382229017
0.324929002416
0.324582837954
0.324399441905
0.324250001618
0.324240545224
0.324172108803
0.323779401751
0.323343460451
0.323164125178
0.32303202036
0.322976984339
0.32286296867
0.322392137166
0.322138689298
0.321958834131
0.321911564403
0.321874604991
0.321059487623
0.320947425835
0.320469206779
0.320323794537
0.3201995019
0.320073175346
0.319906094149
0.319865487956
0.319483041433
0.319394900786
0.319135769853
0.319052645454
0.3188326143
0.318306568989
0.31809598554
0.317973122632
0.317574069088
0.31750235783
0.317223605879
0.316823141867
0.316793765068
0.316747921488
0.316470345688
0.316125064313
0.315916347195
0.315817615947
0.315480816356
0.315461395567
0.31545733882
0.315430452644
0.31540222887
0.314769173018
0.314715294924
0.314530662728
0.3143854777
0.314244934349
0.313893513097
0.313751888413
0.313572336589
0.313063475075
0.312957554977
0.312955989484
0.312827792181
0.312827173774
0.312658494119
0.312265984279
0.3121108488
0.311919091203
0.31171133944
0.310960488394
0.310864975244
0.310843891733
0.310790181512
0.310686222923
0.310513984534
0.310297967726
0.310275927019
0.31011549938
0.310012984848
0.309955836545
0.309915482061
0.309882459205
0.309874239136
0.309704145283
0.309692778742
0.309611224239
0.309607032306
0.308371186711
0.308002458965
0.307757240997
0.307594101162
0.306885199156
0.306834668553
0.306602429313
0.30643207918
0.306337458989
0.30631214137
0.306066934784
0.306010436259
0.305579618458
0.305356245238
0.305165115647
0.304683359033
0.304375820689
0.304330101037
0.30418935422
0.304168996975
0.304156135258
0.30412123598
0.304083869081
0.30403490412
0.30384383258
0.303649954564
0.303098623953
0.303004862494
0.302436679052
0.302325032796
0.302165523773
0.301950756136
0.301606200223
0.301570851538
0.301373676932
0.301283684633
0.300367263864
0.30016261951
0.299538978293
0.299223369371
0.298979754799
0.298455316617
0.298130618169
0.298115495962
0.297397997537
0.297352084464
0.297210267982
0.297136133416
0.296494508851
0.296464790686
0.296062827306
0.295933741665
0.295734007067
0.295731364034
0.295674680386
0.295431325341
0.295218641086
0.294906663546
0.294821121557
0.294788684688
0.294669517734
0.294364920507
0.294352868867
0.294306831154
0.294210845741
0.29411715033
0.293625579675
0.293412756963
0.293279328374
0.293270482095
0.293099533894
0.292950451752
0.292886955383
0.292502986319
0.292412400682
0.292135728127
0.291968688308
0.291893635335
0.291464576716
0.291441080144
0.291433208189
0.291417781171
0.291269934613
0.291141968326
0.291119399627
0.290922222229
0.290844821982
0.290665725645
0.290628909132
0.290591106374
0.2904190419
0.290370362003
0.290244687145
0.289556947658
0.28938875924
0.289202092936
0.288980361302
0.28884560509
0.288694985342
0.288568011861
0.288394412954
0.288359246907
0.28821939046
0.287990963674
0.287467698535
0.287352027656
0.286433365498
0.286099296721
0.285541480122
0.285233210028
0.284966873646
0.284950106901
0.284758879203
0.284742227187
0.284698215633
0.284403093252
0.284287896488
0.284245473898
0.284161616852
0.283890821187
0.283409254076
0.28315527991
0.283085818417
0.282777263008
0.28268566286
0.282509870221
0.282452711068
0.282283790268
0.282266968079
0.28226607429
0.281918373287
0.281854869072
0.281534346173
0.281528829215
0.281395875851
0.28098802735
0.280717094094
0.280662866432
0.280558010069
0.28019044472
0.280000604596
0.279974632623
0.279811390836
0.279786079139
0.27968660951
0.279502396097
0.279297160205
0.278968754207
0.278640797877
0.278423495671
0.278370120818
0.278302578894
0.278033945799
0.277936930183
0.277695206659
0.277569618416
0.277552616527
0.277287558267
0.27712368511
0.277071178223
0.277035051695
0.277003584311
0.276879064695
0.276606619168
0.27658881767
0.276223064409
0.275671917484
0.2756501883
0.275614441337
0.275426806025
0.27513294265
0.274674855163
0.274500651772
0.274379919537
0.274148257415
0.274081036812
0.273653371562
0.273647132552
0.273578906396
0.273437800314
0.273330016367
0.27331807194
0.273074838781
0.272764630677
0.27254826238
0.272325912502
0.27227778036
0.271963778964
0.271822267972
0.271546542657
0.271412663344
0.271401700616
0.27136119927
0.271253297911
0.270655978253
0.270274360811
0.27007126941
0.269990795443
0.269806128983
0.269743972013
0.26932110964
0.269178290042
0.26888797733
0.268593285219
0.268592880893
0.268589248478
0.268543971548
0.268507399846
0.268456332944
0.268200527531
0.268195033318
0.267910768535
0.267767870001
0.267592176467
0.267571630215
0.267427284577
0.267354106382
0.267208306848
0.267072247055
0.267059021602
0.266749305291
0.26671749012
0.266511004756
0.266401393984
0.266365458438
0.266337503618
0.266096756841
0.265940439671
0.265866868453
0.265633991775
0.265309871222
0.2648234942
0.264765871006
0.264539259939
0.264517774925
0.264436474879
0.264390418612
0.264164557454
0.264047582387
0.263851205225
0.263463635073
0.26320403593
0.263107267212
0.262947527449
0.262870343008
0.262862306922
0.26234516626
0.262295797673
0.262156438457
0.26215641549
0.261934902843
0.261837007834
0.261475277323
0.261175739735
0.260815864733
0.260809897584
0.260600710763
0.259581550321
0.259378018178
0.259298935172
0.259292189856
0.258805199757
0.258741991135
0.258719669463
0.258631690138
0.258464589364
0.258411255196
0.258264876603
0.258197180929
0.258169425078
0.258161230689
0.258078152256
0.257978585968
0.257771204537
0.257504141416
0.256739857844
0.256610884192
0.256490000262
0.256239501128
0.255569537263
0.255464695818
0.255046823342
0.254731917308
0.254690719449
0.254568599486
0.25443783369
0.25424005961
0.254091670402
0.254050338304
0.253959497661
0.253795443283
0.253786989016
0.253778588694
0.253734559334
0.253568146951
0.253530383784
0.253319769058
0.253034680305
0.252960696015
0.252669857063
0.25241964749
0.25210627491
0.251799506735
0.251483676312
0.251325110417
0.251228566558
0.251102649593
0.251029220989
0.250978249273
0.250868164952
0.250759406226
0.250743596762
0.250513457303
0.24994936035
0.249859951996
0.249849330274
0.249848741543
0.249808080856
0.249785237829
0.249615318744
0.249600129282
0.249485869328
0.249373868982
0.249048262897
0.248941109333
0.248827702849
0.248535528661
0.248355940856
0.248233019513
0.248112706306
0.248087138265
0.247856592471
0.247852599689
0.247485089023
0.247373370148
0.24720424611
0.246777096505
0.246589886808
0.24657080893
0.246413321821
0.245882619805
0.245672821215
0.245594386322
0.24559330354
0.245253648195
0.245208718631
0.24519038103
0.244973217535
0.244967721873
0.244861772108
0.244835441486
0.244787885079
0.244758112751
0.244722751946
0.244413180453
0.244377256601
0.24414826582
0.243953718107
0.243951845585
0.243939278439
0.243899858641
0.243885547048
0.243333070603
0.243201766797
0.243068182948
0.242340667815
0.242111945607
0.24210234101
0.241899097878
0.2418857312
0.241860749509
0.241726182017
0.241589380997
0.241580522155
0.24155439704
0.241437566265
0.241085562317
0.241039485463
0.240967189022
0.240849245434
0.240748404201
0.240730531895
0.240624454673
0.240584287357
0.240575621297
0.240511297138
0.240318630251
0.240297749188
0.24028533612
0.239984290301
0.239920960976
0.23978376384
0.239761265457
0.239578858752
0.239545232636
0.239486056757
0.239481053958
0.239359833303
0.239064193833
0.238984621693
0.238921380401
0.238904074149
0.238709614949
0.238571236928
0.238439680047
0.238032847913
0.237875514423
0.237406485183
0.237374490823
0.237353997401
0.237243491741
0.237014744897
0.237008421936
0.236953156709
0.236940651943
0.236727171547
0.236543762563
0.236318025351
0.236238993911
0.235888761937
0.235837813985
0.235803963825
0.235738793649
0.235704167672
0.235676428857
0.235543663535
0.235486815887
0.235274057853
0.235263018537
0.235197347103
0.234883614639
0.234810878801
0.234785642175
0.234701444726
0.234491717472
0.234407936102
0.234111864677
0.233629117517
0.233625708849
0.233555080327
0.233424646337
0.233339248535
0.23287562569
0.232854439248
0.232816532367
0.232704532566
0.232629602288
0.232185800784
0.231506659891
0.231380145025
0.231288709522
0.23126805446
0.231265652437
0.231224220001
0.231218283427
0.231132750868
0.23095076155
0.230923871502
0.23052739922
0.230507800636
0.230333683044
0.230180682636
0.230075593335
0.230071581055
0.229867784924
0.229841168964
0.229680396742
0.229600020479
0.229313161911
0.229069434663
0.228952122547
0.228724880098
0.228593048172
0.228556394239
0.228429802726
0.228281932106
0.227882081101
0.227365154899
0.227269172117
0.226900607558
0.226761789209
0.226647887004
0.226617036021
0.226588460153
0.226334545754
0.226022265581
0.22590904553
0.22588149085
0.225867978167
0.225706127247
0.225617530982
0.225128388357
0.225081343939
0.225076582132
0.224962326402
0.224953373256
0.224935777915
0.224902112493
0.224468041566
0.224215996469
0.223857887792
0.223497825114
0.223464643821
0.223293460813
0.223112713124
0.223081193811
0.222966730283
0.222947717587
0.222920677529
0.222895250488
0.222661870596
0.222656593051
0.222629808757
0.222507648573
0.222377346105
0.221929440295
0.221850552985
0.221791670441
0.221636499788
0.221370507436
0.221367037668
0.221328568322
0.221068155801
0.220845787116
0.220536712392
0.220532026517
0.220504931955
0.220481139553
0.220388933263
0.22038022341
0.220364714368
0.220209266679
0.220208335343
0.220163677606
0.220034797907
0.219854232731
0.219830163588
0.219819214097
0.219640859209
0.21949667707
0.219014765186
0.218915279978
0.218865477909
0.218555332321
0.218317569614
0.218314771584
0.218292103121
0.218219991499
0.218216410001
0.218138029891
0.218070197761
0.217947843522
0.217866896066
0.217817235074
0.217544403288
0.217384261134
0.21738025478
0.217154403946
0.217152675566
0.217090945138
0.21705524723
0.217044411156
0.217000519799
0.216990207998
0.216957548254
0.21664581053
0.216612538387
0.216599977455
0.216558758573
0.216540451559
0.216506664024
0.216420486056
0.21619778894
0.216093647492
0.216033401295
0.215990475559
0.215911237639
0.215862416982
0.215691062021
0.215681240394
0.215578259159
0.215478460936
0.215301984159
0.215223694607
0.215179741952
0.214958240487
0.214651225861
0.214585976515
0.214561273569
0.21436243351
0.214333470322
0.214118934176
0.214056243665
0.213911137274
0.213900328113
0.213857546442
0.213776177972
0.213720005187
0.213716898843
0.213530954246
0.213419071731
0.213248235842
0.213101491965
0.213035281085
0.212883982016
0.212652615921
0.212642096494
0.212638102021
0.212541418464
0.212464364069
0.212318531738
0.21230109226
0.212237160763
0.212210977897
0.212208701109
0.212111418418
0.211796086454
0.21161944576
0.211465506557
0.211418757499
0.21118900821
0.210820500847
0.210789650444
0.210641185452
0.210621485301
0.210567187924
0.210411721411
0.210400401869
0.210145180834
0.210061013577
0.209350112995
0.209100317246
0.208970961988
0.208964839701
0.208958886895
0.208947557313
0.208747696275
0.208462061288
0.208445528671
0.208353161717
0.208300196466
0.2081013044
0.207839398231
0.207812439835
0.207656663061
0.207630055317
0.207602589004
0.207570336044
0.207484951758
0.20742876984
0.207406536031
0.207360004754
0.207293596843
0.207241173411
0.207234598715
0.207208371994
0.207005199726
0.206982496826
0.206659232168
0.206288583747
0.20628818024
0.206143365767
0.206085940944
0.206052671305
0.206013088576
0.20567353039
0.205490224375
0.205296743604
0.20527748542
0.205194166331
0.205171592641
0.205157218939
0.205003341067
0.204985602019
0.204934826884
0.204906063397
0.204754905926
0.204640510484
0.204514902782
0.204495546099
0.203753371496
0.203508038836
0.203437903213
0.20331884435
0.203296890561
0.203292982143
0.203280125588
0.203230436225
0.20304679449
0.202997166315
0.202994804863
0.202983830283
0.202785298042
0.202631982504
0.202508973233
0.202499233725
0.202364937085
0.201935054433
0.201459443287
0.20138576113
0.201263290836
0.201175339493
0.201159878367
0.201059308446
0.201040921666
0.201004062683
0.200967032432
0.200772080888
0.200530229325
0.20036522195
0.200254338371
0.200209137135
0.200066554198
0.200042245237
0.200016055365
0.199901250253
0.19986982022
0.199662609267
0.199506961185
0.199218676188
0.199003440436
0.198718587761
0.19869990023
0.198699284591
0.198688649582
0.198642790702
0.198621853439
0.198546304176
0.19853939859
0.198380179784
0.198343246733
0.198305934699
0.198139852536
0.198027943894
0.197852647206
0.197696878576
0.197432202
0.19741477241
0.1973813142
0.197367072517
0.197356971219
0.197315918228
0.197305610379
0.197212916171
0.197195331548
0.19690262462
0.196781832077
0.196754884249
0.196607958586
0.196343123637
0.196257579081
0.196225075101
0.196221135907
0.196105319493
0.196032643912
0.196022008936
0.195899016631
0.195887638346
0.195868512407
0.195741261191
0.195612122876
0.1956007642
0.195386023505
0.195384100807
0.195370771569
0.195350407863
0.195330019707
0.195303093977
0.195284939493
0.195119210283
0.194832970158
0.194728902395
0.194589594683
0.194474358692
0.194467824593
0.194355972525
0.194339567937
0.194214058395
0.194103460093
0.194091098856
0.194044149837
0.194039028592
0.193956278946
0.193613242143
0.193496798237
0.193450763683
0.19340246968
0.193365751982
0.193218499023
0.193154188169
0.193050656542
0.193038631101
0.192647271527
0.192622182101
0.192484544046
0.192406199637
0.192349831713
0.192344540455
0.192208891378
0.192196162168
0.191897125696
0.191828380283
0.191743319512
0.191669292737
0.191643410246
0.191346338457
0.191312568571
0.191264726918
0.191230730251
0.191157799758
0.191154188332
0.191113977532
0.191034463343
0.190825774302
0.190498155904
0.190266240099
0.190009388983
0.189671085377
0.189667718462
0.189482614119
0.189425796015
0.189415518001
0.189404002172
0.189174314008
0.188777990618
0.188699104102
0.188594469806
0.188536025847
0.188411831441
0.18835964534
0.188217279837
0.188113847929
0.188071439463
0.188034703526
0.187996169235
0.187741190854
0.187724641961
0.187629905178
0.187595071165
0.187130817209
0.187057775774
0.186767119812
0.186606596559
0.186583071054
0.186567424096
0.186482323779
0.186369249389
0.186273948176
0.18624782639
0.18613197542
0.185964973271
0.1858641923
0.185685956784
0.18558623077
0.18547195178
0.185424885903
0.185390656363
0.185322381064
0.185314450972
0.185286324799
0.185244547158
0.185234065498
0.18520773124
0.184912683608
0.18476804645
0.184719381624
0.184678154702
0.184565382881
0.184561794641
0.184490079629
0.184447243787
0.184436980457
0.184345242702
0.184333585949
0.184041092724
0.18396209218
0.183913944162
0.183879040862
0.18384834017
0.183776225394
0.183648356886
0.183287212779
0.183094630291
0.183014309818
0.182908775074
0.182824679261
0.182769593875
0.182606088367
0.182462468858
0.182416267088
0.182301712267
0.181937367477
0.181921886959
0.181801342791
0.181799036005
0.181553909398
0.181459910049
0.1813626105
0.181327493981
0.181134143585
0.180991550183
0.180978191052
0.180960593393
0.1809228447
0.180851073452
0.180676933297
0.180638718207
0.180310351422
0.180266105813
0.180129195242
0.180103987556
0.180081980611
0.180062279497
0.179672975023
0.179457686084
0.179346861603
0.179014868964
0.178944615083
0.178558505118
0.178207069964
0.178196852146
0.178125468134
0.177994503555
0.177960152519
0.177778331594
0.177631492918
0.177530968042
0.177465578725
0.177453271091
0.177324453003
0.177082736677
0.177062816281
0.177039636407
0.177025849005
0.177018846581
0.176987840106
0.176850169305
0.176808154257
0.176793730646
0.176729839095
0.176420569051
0.176218536498
0.176163066723
0.176069389872
0.176048609129
0.17601313312
0.175944978144
0.175874955235
0.175856414609
0.175653177557
0.175592970821
0.175538706352
0.175514778557
0.175509901575
0.175458668415
0.175103249988
0.175070081983
0.175035943449
0.174882081695
0.174847198367
0.174781993302
0.174477756705
0.174440151557
0.174420226034
0.174397571453
0.174322233307
0.174253763821
0.174001053158
0.173700598398
0.17363749871
0.173607771634
0.173596311327
0.173569725068
0.173545904411
0.173503063877
0.173502325455
0.173399074575
0.173318763275
0.173200119084
0.17311106677
0.173020223839
0.172976217374
0.172957998312
0.172949195247
0.172882505669
0.172784846501
0.172733338138
0.172690531041
0.172675203
0.172549810609
0.172510715758
0.172328911873
0.172185431014
0.172165803068
0.17199627613
0.171937635495
0.171914962685
0.171846816278
0.17183889264
0.171758971122
0.171750561316
0.171651328782
0.17159700965
0.171580508239
0.171531080254
0.171490027244
0.171479807038
0.171415065412
0.171350634835
0.171199508547
0.17119152868
0.170693336411
0.170495397172
0.170468119444
0.170323932887
0.170161749041
0.170086334277
0.16998986091
0.169950771913
0.169875702401
0.169751475309
0.169724428419
0.169659765183
0.169586219132
0.169557815044
0.16947128424
0.169462308854
0.169452301158
0.169284763912
0.169208201417
0.169144719828
0.168946180843
0.168657855679
0.168571556526
0.168532161468
0.168212916078
0.168151332113
0.16809879301
0.167950821658
0.167688274926
0.167542754873
0.167358618726
0.16734263001
0.167317310642
0.16700907515
0.166989420322
0.166829893463
0.166796082499
0.166670185142
0.166633554854
0.166604201448
0.166549976523
0.166400956295
0.166295455756
0.166264409401
0.166126952986
0.165982125654
0.165969355091
0.165968332997
0.165747113014
0.16558579276
0.165560810673
0.165352555606
0.165327349371
0.165278345545
0.165248422834
0.165146911221
0.164943405996
0.164829096402
0.164763833118
0.164657583812
0.164425365638
0.164333046731
0.164302345447
0.164284661015
0.164260054093
0.164241585229
0.164067624151
0.163941713898
0.163908740717
0.163844580261
0.163695355894
0.163638876818
0.16340212964
0.163347514882
0.16334515998
0.163184667193
0.163113902001
0.163051707438
0.16298071408
0.162958247155
0.162836554937
0.162817319002
0.162650752952
0.162572870078
0.162548634465
0.162543295319
0.162518370423
0.162345825185
0.162282818767
0.162255321192
0.162035341725
0.161588463642
0.161310339871
0.161309758353
0.161290901582
0.161282885831
0.16124619642
0.161211337927
0.161069768733
0.161016706502
0.160992277199
0.160958765288
0.160827843786
0.160504066214
0.160456896836
0.160380505068
0.160336994001
0.159908193067
0.15972319121
0.159556092648
0.159434502412
0.159421702774
0.15939405161
0.159329593332
0.159311194522
0.159100685197
0.159099806619
0.15909294893
0.158888014692
0.158863528719
0.158861996008
0.158820204085
0.158671515748
0.158628425159
0.158575332476
0.158488373029
0.158279410649
0.158242284296
0.158212729713
0.15806577372
0.157836532375
0.157712332801
0.15762627807
0.15762588604
0.157181791886
0.157115673484
0.157039488602
0.156985588226
0.156851022127
0.156841587977
0.156505190068
0.156335130654
0.15628042339
0.156192406582
0.156173921869
0.156074561315
0.156050568617
0.15602950651
0.15583230834
0.155721085755
0.155678743102
0.155527038009
0.15548068959
0.155475972383
0.155458411351
0.1551744664
0.155170785449
0.15516086596
0.154933557614
0.154915692391
0.154859903227
0.15466854198
0.154504050372
0.15449610244
0.154459867967
0.154378285482
0.154300680417
0.154116110736
0.154053421442
0.154035256186
0.153864881956
0.153768710201
0.153670451758
0.15366828628
0.153665139949
0.153608743632
0.15341563513
0.153346233497
0.153325347477
0.153194651638
0.153188905579
0.152980845511
0.152935673812
0.152906647195
0.15274661537
0.152697276061
0.152560047309
0.152546481935
0.1524010836
0.152343129915
0.152305700407
0.152176093071
0.152101612366
0.152051572173
0.152051237705
0.151929668087
0.151839242789
0.151811766352
0.151772873225
0.15174528495
0.151580930347
0.151483401437
0.151478819697
0.151324366073
0.151321749616
0.151209872
0.151099558009
0.150930508811
0.150893690635
0.15087809885
0.150827341998
0.150664799205
0.150619731435
0.150538176059
0.150461056107
0.150394321838
0.15028325383
0.150132322351
0.150056122364
0.14997731524
0.149950013333
0.149904418663
0.149899118452
0.149887468807
0.14980496028
0.14979324171
0.149724434798
0.149661091191
0.149583998987
0.149552651777
0.149460882393
0.14924460169
0.149186617062
0.149050263405
0.149018065047
0.148913325734
0.148777410024
0.14871728571
0.148696268165
0.148590614256
0.148538598669
0.14847029606
0.148415511505
0.148401956951
0.148379328017
0.148367214313
0.148300291702
0.148151287728
0.148046811217
0.147991874226
0.147978994512
0.147935335225
0.147762770186
0.14755891789
0.14742493054
0.1474168142
0.147380887595
0.147313900686
0.147226511317
0.147166735613
0.14703512128
0.146996803827
0.146959986874
0.146915696108
0.146900652191
0.146819077471
0.146738806682
0.146711856869
0.146701316841
0.146680566578
0.146644299262
0.146533748114
0.146532517012
0.146388068369
0.146276060413
0.146252384748
0.146135539329
0.145863833918
0.145686600168
0.145681118425
0.145677705419
0.145659780849
0.145650887347
0.145420170262
0.145364422566
0.145333251936
0.145275931273
0.145190829577
0.145110765538
0.145090943035
0.145089608319
0.145010474282
0.144992468644
0.144898236463
0.144826684124
0.144668248473
0.14462859064
0.144592066576
0.144472641364
0.144290478945
0.144245609987
0.144229759829
0.143827846487
0.14352573459
0.143485941479
0.143421550879
0.143402210753
0.143332687724
0.143328939232
0.143225980034
0.143138264404
0.143104299302
0.143053277597
0.142668683104
0.142650889599
0.142615590437
0.142465628521
0.142389057136
0.142386324765
0.142170991087
0.14209007046
0.14182666823
0.141754632209
0.141649806844
0.141641817006
0.141559242052
0.141447586521
0.141384925069
0.141258167159
0.141219297966
0.141219263548
0.141155663728
0.141106024126
0.141098553745
0.141083783938
0.141047160796
0.140957639734
0.140920841122
0.140784509858
0.140740790756
0.140692026582
0.140681805433
0.140634113826
0.140449807119
0.140342124301
0.139905894254
0.139896434647
0.139757712236
0.139666365571
0.139588439531
0.139577169956
0.139569223835
0.139513759097
0.139478614556
0.139317222432
0.139277331314
0.139131001952
0.138821486838
0.138673817789
0.138473688992
0.138445916648
0.138362143168
0.138318564142
0.138293359747
0.138083875792
0.138037560113
0.137975086874
0.137846439119
0.13767454292
0.137640709744
0.137413556798
0.137413232556
0.137328362979
0.137142715842
0.136986309582
0.136589030248
0.13655085147
0.136420761901
0.136357134712
0.136271577518
0.136176834445
0.136167482374
0.136097857483
0.135835564872
0.135781060431
0.135689122869
0.135655513553
0.135565677233
0.135415807907
0.13518910465
0.135054918116
0.134842584556
0.134757962936
0.134585262457
0.134473707236
0.134456782161
0.134407531748
0.134385822249
0.134301350871
0.134175122214
0.13396862108
0.133870315117
0.13367822603
0.133668931706
0.133558238124
0.133307157386
0.133273988029
0.133170859717
0.133051653283
0.132994246181
0.132966745018
0.132858098732
0.132841765604
0.132723383168
0.13265288719
0.132620160968
0.132589512385
0.13241489436
0.132347072152
0.132305179604
0.132219962627
0.132084258867
0.13181887489
0.131625321983
0.13160813179
0.131504167744
0.131468931053
0.131353882116
0.13124780555
0.130966424261
0.130932009034
0.130779221765
0.130726778012
0.130669254691
0.130586312681
0.130521358
0.13041934063
0.130284628463
0.130137627137
0.130131201523
0.130098140796
0.130081775073
0.129867296305
0.129799092218
0.129756001666
0.129421856168
0.129363050114
0.129286324047
0.129264425908
0.129214261416
0.129129493028
0.129103277763
0.129102613209
0.129069103262
0.129011485134
0.12898399133
0.128892013944
0.128803965348
0.128713115949
0.128698560244
0.128686097519
0.128651107301
0.128631947772
0.128392459781
0.128313067669
0.128286040845
0.128276790557
0.128188203637
0.128155866001
0.127857756398
0.127824009311
0.127785327296
0.12774746575
0.127712937689
0.127610656105
0.127565977599
0.12736851271
0.127344710624
0.127237746659
0.127172016638
0.12710101683
0.127048427594
0.126863066409
0.126697571835
0.126465863605
0.126258477235
0.126181138148
0.126153087819
0.126005801438
0.125773916956
0.125734217788
0.125678702877
0.12566363249
0.125474088274
0.125346550062
0.125209334902
0.125208586409
0.125080922658
0.124869281251
0.124694585754
0.124614218391
0.124549168071
0.124401647244
0.124325172125
0.124182430657
0.12369802555
0.123691528628
0.123685916282
0.123683233446
0.123552375428
0.123466363609
0.123392266087
0.122982099655
0.12289962378
0.122890872079
0.12285734144
0.122609086226
0.122571556877
0.122540884992
0.122422985641
0.122349394759
0.122334556951
0.122221625616
0.122199028199
0.122160541432
0.121959474825
0.121931813644
0.12192989523
0.121823666976
0.121764399388
0.12164887529
0.12148635579
0.121468828808
0.121431131637
0.12139009655
0.121374689699
0.12124539995
0.120990731299
0.120947466333
0.120637997744
0.120553614816
0.120525442484
0.12044918526
0.120440015836
0.120222950817
0.120222371336
0.120166947853
0.120143348417
0.120130198414
0.120014512931
0.120010058595
0.119811751516
0.119344019697
0.119329996366
0.11917824632
0.119174833333
0.119124693517
0.119115639562
0.118823499791
0.118440873161
0.118390944058
0.118212457714
0.11816363676
0.118076325168
0.118068748915
0.118025859422
0.117969718112
0.117932490469
0.117840732045
0.117800939148
0.117751667283
0.117458256175
0.117341988212
0.11732536124
0.116973441213
0.116798582723
0.116708115152
0.116545586848
0.116519372175
0.116181036808
0.115943519033
0.11584371707
0.115737016411
0.115602058089
0.115599370031
0.115580379428
0.115524580401
0.11545087196
0.115403047507
0.115383550437
0.115362712493
0.115168199425
0.115120243779
0.114872988349
0.114364589314
0.114345573963
0.11432694438
0.114185015158
0.11416956052
0.114119803907
0.113985715029
0.11383123228
0.113819362787
0.113790464641
0.113727856865
0.113631218308
0.113562849938
0.113488892916
0.113357402733
0.11328617419
0.113089257329
0.113062327991
0.11303852154
0.112986920742
0.11290866665
0.112620213256
0.112444819729
0.112088843209
0.111646791254
0.111182831645
0.110957225026
0.110929736896
0.110855119575
0.110664895831
0.110518762875
0.110273225715
0.110208634466
0.110200561602
0.110098334821
0.109979798411
0.10963879985
0.109460300187
0.10914985737
0.109147987324
0.109130022995
0.108966707221
0.108891670615
0.108463658054
0.10838979854
0.108285511447
0.107979142452
0.107922520223
0.107874330351
0.107857971524
0.107852237569
0.107744107956
0.107661712927
0.107433704395
0.107294596494
0.107271596489
0.107142932686
0.107142224314
0.106936608427
0.106516472809
0.106454914024
0.106350805671
0.106330724674
0.106151621453
0.106072095932
0.105967885864
0.10590725162
0.105824794907
0.10573755775
0.105613559723
0.105572410019
0.105461549222
0.105329482153
0.105231279109
0.105225300991
0.105146017679
0.105106483687
0.105058917445
0.10471431003
0.104506283793
0.10442768078
0.104419752473
0.104408853127
0.104321511098
0.104263835364
0.104165672893
0.104139116909
0.10413716822
0.104015581083
0.103995706288
0.103750468448
0.103381024755
0.103143024118
0.103077220933
0.103043125117
0.102764330392
0.102662659525
0.102578429578
0.102459711886
0.102443924357
0.102424851068
0.102322777435
0.102295079979
0.10223017851
0.102217362695
0.102101335149
0.102070868361
0.102056331146
0.101922467538
0.101859545171
0.10163354199
0.101596722896
0.101586873822
0.101548791143
0.101399932393
0.100939441246
0.100875898676
0.100871337935
0.100576879109
0.100409365411
0.100327807972
0.0999020415469
0.0994993750677
0.0994632580165
0.0994267566651
0.0994055410599
0.0990472021933
0.0990243898794
0.0988574629758
0.0987129968176
0.0982128801398
0.0982010557363
0.0981355423804
0.0980639671341
0.0977697261982
0.0975059007862
0.0974730604536
0.0974143575638
0.0972691627773
0.0971959794118
0.0966890831024
0.0966345518211
0.0965764285128
0.0962674342411
0.096160465815
0.0960251128715
0.0959678708003
0.0957934807064
0.095713759035
0.0952351554892
0.0942713598941
0.0939047465021
0.0937450904258
0.0931450466244
0.0925729412811
0.0925628549814
0.0925429567837
0.0923934172167
0.092311165478
0.0917970715598
0.0916831565353
0.091273728158
0.09124813173
0.0908314860174
0.0904851013618
0.0904250406221
0.0900519202886
0.0899853289751
0.089619854874
0.0896159186763
0.0895855837587
0.0895307426825
0.0894812127862
0.0888064114776
0.0885754718114
0.0883442644639
0.0880607895977
0.0880209739162
0.0874625800712
0.0873192274424
0.0864998277411
0.0864930318917
0.0864092983553
0.085404302469
0.0849412390385
0.0842400998482
0.084017624489
0.0839141426744
0.0833593707094
0.0833392762569
0.083273026934
0.0831467377189
0.0830219538375
0.082953627987
0.0818747906721
0.0818599022984
0.0817865478925
0.0815730044822
0.0814779600256
0.0813500215335
0.0811515828799
0.0810364148701
0.0805389607972
0.0802734230153
0.0800894660794
0.07993827324
0.0798932447707
0.0798876878328
0.0795926108389
0.0789538648886
0.0784765846397
0.0782956473151
0.077422623383
0.0766919777587
0.0764876156589
0.0760708363571
0.0755664676716
0.0750762992556
0.0747851239965
0.0740055224145
0.0737046863629
0.0724561359234
0.0723581864118
0.0719678006233
0.0718955603284
0.0717688251647
0.0712807781449
0.0712688794616
0.0712257125627
0.0706529345197
0.0706221662498
0.0703849005395
0.0698477755831
0.0696265858205
0.0687888284381
0.0687212566902
0.0682054502452
0.0681552111612
0.0664318679372
0.0664286740154
0.0656553861407
0.065322542809
0.0644052102837
0.0643922308
0.0642686000843
0.0627490229565
0.0622956584175
0.0611599420433
0.0610922222181
0.0609476699021
0.0597780115131
0.0590439822281
0.0588195386879
0.0587179788762
0.0577453181084
0.0576485955744
0.0573746577076
0.0565184103547
0.0556057042119
0.0552877404202
0.0541528764957
0.0537095832021
0.0531906663696
0.0529720341156
0.0528166985746
0.0514383095091
0.0514116455046
0.0501375375716
0.0497676781983
0.0492525028048
0.0492471314785
0.0485017981147
0.0471054763153
0.0467984644688
0.0461850730432
0.0438794613011
0.0374725079936
0.0337095323345
0.0224527266223
0.0103887464821
0.00308564319153